{
 "cells": [
  {
   "cell_type": "code",
   "execution_count": 2,
   "metadata": {},
   "outputs": [],
   "source": [
    "import numpy as np\n",
    "import matplotlib.pyplot as plt"
   ]
  },
  {
   "cell_type": "markdown",
   "metadata": {},
   "source": [
    "<img src=\"images/Sutton-p76-GridWorld.png\" width=\"800px\" height=\"400px\">"
   ]
  },
  {
   "cell_type": "code",
   "execution_count": 39,
   "metadata": {},
   "outputs": [],
   "source": [
    "class GridWorld:\n",
    "    def __init__(self):\n",
    "        # self.worldValues = np.random.rand(4,4) * 5\n",
    "        self.worldValues = np.zeros((4,4))\n",
    "        self.worldValues[0,0] = 0\n",
    "        self.worldValues[3,3] = 0\n",
    "        self.currentState = int(np.random.rand()*8 + 2) ## The current state is randomly generated, but the world knows where you are\n",
    "        self.actions = [0, 1, 2, 3]\n",
    "        self.actionNames = {0:\"up\", 1:\"down\", 2:\"left\", 3:\"right\"}\n",
    "        \n",
    "    def step(self,action):\n",
    "        self.currentState = GridWorld.move(self.currentState, action)\n",
    "        if self.currentState == 0 or self.currentState == 15:\n",
    "            reward = 1\n",
    "        else:\n",
    "            reward = -1\n",
    "        return self.currentState, reward\n",
    "    def get_value(self, state_no):\n",
    "        x, y = GridWorld.state_coordinates(state_no)\n",
    "        return self.worldValues[x,y]\n",
    "    def set_value(self, state_no, value):\n",
    "        x, y = GridWorld.state_coordinates(state_no)\n",
    "        if state_no == 0 or state_no == 15:\n",
    "            self.worldValues[x,y] = 0\n",
    "        else:\n",
    "            self.worldValues[x,y] = value\n",
    "    \n",
    "    @staticmethod\n",
    "    def general_step(state, action):\n",
    "        new_state = GridWorld.move(state, action)\n",
    "        if new_state == 0 or new_state == 15:\n",
    "            reward = 1\n",
    "        else:\n",
    "            reward = -1\n",
    "        return new_state, reward\n",
    "    @staticmethod\n",
    "    def state_number(x,y):\n",
    "        position = x*4 + y\n",
    "        return position\n",
    "    @staticmethod\n",
    "    def state_coordinates(number):\n",
    "        y = number % 4\n",
    "        x = number // 4\n",
    "        return (x,y)\n",
    "    @staticmethod\n",
    "    def move(s,a):\n",
    "        x, y = GridWorld.state_coordinates(s)\n",
    "        if x == 0 and a == 0: # Changing the x-coordinates\n",
    "            x = 0\n",
    "        elif x == 3 and a == 1:\n",
    "            x = 3\n",
    "        else:\n",
    "            if a == 0:\n",
    "                x = x - 1\n",
    "            elif a == 1:\n",
    "                x = x + 1\n",
    "        \n",
    "        if y == 0 and a == 2: # Changing the y-coordinates\n",
    "            y = 0\n",
    "        elif y == 3 and a == 3:\n",
    "            y = 3\n",
    "        else:\n",
    "            if a == 2:\n",
    "                y = y - 1\n",
    "            elif a == 3:\n",
    "                y = y + 1\n",
    "        return GridWorld.state_number(x,y)"
   ]
  },
  {
   "cell_type": "code",
   "execution_count": 40,
   "metadata": {},
   "outputs": [
    {
     "data": {
      "text/plain": [
       "array([[0., 0., 0., 0.],\n",
       "       [0., 0., 0., 0.],\n",
       "       [0., 0., 0., 0.],\n",
       "       [0., 0., 0., 0.]])"
      ]
     },
     "execution_count": 40,
     "metadata": {},
     "output_type": "execute_result"
    }
   ],
   "source": [
    "world = GridWorld()\n",
    "world.worldValues"
   ]
  },
  {
   "cell_type": "code",
   "execution_count": 41,
   "metadata": {},
   "outputs": [
    {
     "data": {
      "text/plain": [
       "(0, 1)"
      ]
     },
     "execution_count": 41,
     "metadata": {},
     "output_type": "execute_result"
    }
   ],
   "source": [
    "GridWorld.general_step(1,2)\n",
    "GridWorld.general_step(0,0) # Up in state 0 -> (0, 1)"
   ]
  },
  {
   "cell_type": "code",
   "execution_count": 42,
   "metadata": {},
   "outputs": [],
   "source": [
    "class Agent:\n",
    "    def __init__(self):\n",
    "        pass\n",
    "    def action(self): ## Implementing the equiprobable policy\n",
    "        return np.random.randint(4)\n",
    "    def policy(self):\n",
    "        return 0.25"
   ]
  },
  {
   "cell_type": "markdown",
   "metadata": {},
   "source": [
    "<img src=\"images/Sutton-PolicyEvaluation.png\" width=\"800px\" height=\"400px\">"
   ]
  },
  {
   "cell_type": "code",
   "execution_count": 60,
   "metadata": {},
   "outputs": [
    {
     "name": "stdout",
     "output_type": "stream",
     "text": [
      "K = 0\n",
      "--------\n",
      "[[0. 0. 0. 0.]\n",
      " [0. 0. 0. 0.]\n",
      " [0. 0. 0. 0.]\n",
      " [0. 0. 0. 0.]]\n",
      "K = 1\n",
      "--------\n",
      "[[ 0.         -0.5        -1.125      -1.28125   ]\n",
      " [-0.5        -1.25       -1.59375    -1.71875   ]\n",
      " [-1.125      -1.59375    -1.796875   -1.37890625]\n",
      " [-1.28125    -1.71875    -1.37890625  0.        ]]\n",
      "K = 2\n",
      "--------\n",
      "[[ 0.         -1.21875    -2.3046875  -2.64648438]\n",
      " [-1.21875    -2.40625    -3.05664062 -3.20019531]\n",
      " [-2.3046875  -3.05664062 -3.21777344 -2.44921875]\n",
      " [-2.64648438 -3.20019531 -2.44921875  0.        ]]\n",
      "K = 3\n",
      "--------\n",
      "[[ 0.         -1.98242188 -3.49755859 -3.99768066]\n",
      " [-1.98242188 -3.51953125 -4.35876465 -4.50146484]\n",
      " [-3.49755859 -4.35876465 -4.4039917  -3.33866882]\n",
      " [-3.99768066 -4.50146484 -3.33866882  0.        ]]\n",
      "K = 10\n",
      "--------\n",
      "[[  0.          -6.47871183 -10.06161583 -11.26202333]\n",
      " [ -6.47871183  -9.22317257 -10.64122233 -10.72526226]\n",
      " [-10.06161583 -10.64122233  -9.78987681  -7.3634176 ]\n",
      " [-11.26202333 -10.72526226  -7.3634176    0.        ]]\n",
      "K = 20\n",
      "--------\n",
      "[[  0.          -9.69850994 -14.69129931 -16.35816122]\n",
      " [ -9.69850994 -13.17576827 -14.93353264 -14.96859574]\n",
      " [-14.69129931 -14.93353264 -13.41246237 -10.06811255]\n",
      " [-16.35816122 -14.96859574 -10.06811255   0.        ]]\n",
      "K = 30\n",
      "--------\n",
      "[[  0.         -11.04088481 -16.62114358 -18.4823129 ]\n",
      " [-11.04088481 -14.82303981 -16.72209169 -16.7367038 ]\n",
      " [-16.62114358 -16.72209169 -14.92167937 -11.19491256]\n",
      " [-18.4823129  -16.7367038  -11.19491256   0.        ]]\n",
      "K = 40\n",
      "--------\n",
      "[[  0.         -11.60030181 -17.42538037 -19.36752457]\n",
      " [-11.60030181 -15.50951787 -17.46744912 -17.47353852]\n",
      " [-17.42538037 -17.46744912 -15.55062457 -11.66449077]\n",
      " [-19.36752457 -17.47353852 -11.66449077   0.        ]]\n",
      "K = 50\n",
      "--------\n",
      "[[  0.         -11.83343122 -17.76053509 -19.73642448]\n",
      " [-11.83343122 -15.79559825 -17.77806667 -17.78060435]\n",
      " [-17.76053509 -17.77806667 -15.81272891 -11.8601811 ]\n",
      " [-19.73642448 -17.78060435 -11.8601811    0.        ]]\n",
      "K = 60\n",
      "--------\n",
      "[[  0.         -11.93058473 -17.90020626 -19.89015849]\n",
      " [-11.93058473 -15.91481836 -17.90751231 -17.90856985]\n",
      " [-17.90020626 -17.90751231 -15.92195732 -11.94173238]\n",
      " [-19.89015849 -17.90856985 -11.94173238   0.        ]]\n",
      "K = 70\n",
      "--------\n",
      "[[  0.         -11.97107213 -17.95841232 -19.95422505]\n",
      " [-11.97107213 -15.96450171 -17.96145701 -17.96189773]\n",
      " [-17.95841232 -17.96145701 -15.96747678 -11.97571776]\n",
      " [-19.95422505 -17.96189773 -11.97571776   0.        ]]\n",
      "K = 80\n",
      "--------\n",
      "[[  0.         -11.98794471 -17.9826689  -19.98092391]\n",
      " [-11.98794471 -15.98520657 -17.98393774 -17.9841214 ]\n",
      " [-17.9826689  -17.98393774 -15.98644639 -11.98988071]\n",
      " [-19.98092391 -17.9841214  -11.98988071   0.        ]]\n",
      "K = 90\n",
      "--------\n",
      "[[  0.         -11.99497612 -17.9927775  -19.9920503 ]\n",
      " [-11.99497612 -15.99383504 -17.99330627 -17.99338281]\n",
      " [-17.9927775  -17.99330627 -15.99435172 -11.99578292]\n",
      " [-19.9920503  -17.99338281 -11.99578292   0.        ]]\n",
      "K = 100\n",
      "--------\n",
      "[[  0.         -11.99790637 -17.99699012 -19.99668707]\n",
      " [-11.99790637 -15.99743084 -17.99721048 -17.99724238]\n",
      " [-17.99699012 -17.99721048 -15.99764616 -11.99824259]\n",
      " [-19.99668707 -17.99724238 -11.99824259   0.        ]]\n",
      "K = 110\n",
      "--------\n",
      "[[  0.         -11.99912751 -17.99874567 -19.99861938]\n",
      " [-11.99912751 -15.99892934 -17.99883751 -17.9988508 ]\n",
      " [-17.99874567 -17.99883751 -15.99901907 -11.99926762]\n",
      " [-19.99861938 -17.9988508  -11.99926762   0.        ]]\n",
      "K = 120\n",
      "--------\n",
      "[[  0.         -11.9996364  -17.99947728 -19.99942465]\n",
      " [-11.9996364  -15.99955382 -17.99951555 -17.99952109]\n",
      " [-17.99947728 -17.99951555 -15.99959121 -11.99969479]\n",
      " [-19.99942465 -17.99952109 -11.99969479   0.        ]]\n",
      "K = 130\n",
      "--------\n",
      "[[  0.         -11.99984847 -17.99978216 -19.99976023]\n",
      " [-11.99984847 -15.99981406 -17.99979811 -17.99980042]\n",
      " [-17.99978216 -17.99979811 -15.99982964 -11.99987281]\n",
      " [-19.99976023 -17.99980042 -11.99987281   0.        ]]\n",
      "K = 140\n",
      "--------\n",
      "[[  0.         -11.99993685 -17.99990922 -19.99990008]\n",
      " [-11.99993685 -15.99992251 -17.99991587 -17.99991683]\n",
      " [-17.99990922 -17.99991587 -15.99992901 -11.99994699]\n",
      " [-19.99990008 -17.99991683 -11.99994699   0.        ]]\n",
      "K = 150\n",
      "--------\n",
      "[[  0.         -11.99997368 -17.99996217 -19.99995836]\n",
      " [-11.99997368 -15.99996771 -17.99996494 -17.99996534]\n",
      " [-17.99996217 -17.99996494 -15.99997041 -11.99997791]\n",
      " [-19.99995836 -17.99996534 -11.99997791   0.        ]]\n",
      "K = 160\n",
      "--------\n",
      "[[  0.         -11.99998903 -17.99998423 -19.99998265]\n",
      " [-11.99998903 -15.99998654 -17.99998539 -17.99998556]\n",
      " [-17.99998423 -17.99998539 -15.99998767 -11.99999079]\n",
      " [-19.99998265 -17.99998556 -11.99999079   0.        ]]\n",
      "K = 170\n",
      "--------\n",
      "[[  0.         -11.99999543 -17.99999343 -19.99999277]\n",
      " [-11.99999543 -15.99999439 -17.99999391 -17.99999398]\n",
      " [-17.99999343 -17.99999391 -15.99999486 -11.99999616]\n",
      " [-19.99999277 -17.99999398 -11.99999616   0.        ]]\n",
      "K = 180\n",
      "--------\n",
      "[[  0.         -11.9999981  -17.99999726 -19.99999699]\n",
      " [-11.9999981  -15.99999766 -17.99999746 -17.99999749]\n",
      " [-17.99999726 -17.99999746 -15.99999786 -11.9999984 ]\n",
      " [-19.99999699 -17.99999749 -11.9999984    0.        ]]\n",
      "K = 190\n",
      "--------\n",
      "[[  0.         -11.99999921 -17.99999886 -19.99999874]\n",
      " [-11.99999921 -15.99999903 -17.99999894 -17.99999895]\n",
      " [-17.99999886 -17.99999894 -15.99999911 -11.99999933]\n",
      " [-19.99999874 -17.99999895 -11.99999933   0.        ]]\n",
      "K = 200\n",
      "--------\n",
      "[[  0.         -11.99999967 -17.99999952 -19.99999948]\n",
      " [-11.99999967 -15.99999959 -17.99999956 -17.99999956]\n",
      " [-17.99999952 -17.99999956 -15.99999963 -11.99999972]\n",
      " [-19.99999948 -17.99999956 -11.99999972   0.        ]]\n",
      "K = 210\n",
      "--------\n",
      "[[  0.         -11.99999986 -17.9999998  -19.99999978]\n",
      " [-11.99999986 -15.99999983 -17.99999982 -17.99999982]\n",
      " [-17.9999998  -17.99999982 -15.99999985 -11.99999988]\n",
      " [-19.99999978 -17.99999982 -11.99999988   0.        ]]\n",
      "K = 220\n",
      "--------\n",
      "[[  0.         -11.99999994 -17.99999992 -19.99999991]\n",
      " [-11.99999994 -15.99999993 -17.99999992 -17.99999992]\n",
      " [-17.99999992 -17.99999992 -15.99999994 -11.99999995]\n",
      " [-19.99999991 -17.99999992 -11.99999995   0.        ]]\n",
      "K = 230\n",
      "--------\n",
      "[[  0.         -11.99999998 -17.99999997 -19.99999996]\n",
      " [-11.99999998 -15.99999997 -17.99999997 -17.99999997]\n",
      " [-17.99999997 -17.99999997 -15.99999997 -11.99999998]\n",
      " [-19.99999996 -17.99999997 -11.99999998   0.        ]]\n",
      "K = 240\n",
      "--------\n",
      "[[  0.         -11.99999999 -17.99999999 -19.99999998]\n",
      " [-11.99999999 -15.99999999 -17.99999999 -17.99999999]\n",
      " [-17.99999999 -17.99999999 -15.99999999 -11.99999999]\n",
      " [-19.99999998 -17.99999999 -11.99999999   0.        ]]\n",
      "K = 250\n",
      "--------\n",
      "[[  0.         -12.         -17.99999999 -19.99999999]\n",
      " [-12.         -15.99999999 -17.99999999 -17.99999999]\n",
      " [-17.99999999 -17.99999999 -16.         -12.        ]\n",
      " [-19.99999999 -17.99999999 -12.           0.        ]]\n",
      "K = 260\n",
      "--------\n",
      "[[  0. -12. -18. -20.]\n",
      " [-12. -16. -18. -18.]\n",
      " [-18. -18. -16. -12.]\n",
      " [-20. -18. -12.   0.]]\n",
      "K = 270\n",
      "--------\n",
      "[[  0. -12. -18. -20.]\n",
      " [-12. -16. -18. -18.]\n",
      " [-18. -18. -16. -12.]\n",
      " [-20. -18. -12.   0.]]\n",
      "Number of main loops, Last K = 271\n",
      "--------\n",
      "[[  0. -12. -18. -20.]\n",
      " [-12. -16. -18. -18.]\n",
      " [-18. -18. -16. -12.]\n",
      " [-20. -18. -12.   0.]]\n"
     ]
    }
   ],
   "source": [
    "def areDeltasLargerThanTheta(d, t, while_counter):\n",
    "    if while_counter < 2: ## Turning the while to a do..while loop\n",
    "        return True\n",
    "    for i in range(d.shape[0]):\n",
    "        if abs(d[i]) > abs(t):\n",
    "            return True\n",
    "    return False\n",
    "#def iterative_policy_evaluation():\n",
    "if __name__ == \"__main__\":\n",
    "    world = GridWorld()\n",
    "    agent = Agent()\n",
    "    theta = 1e-10 ## Every element in delta will be compared to this value\n",
    "    deltas = np.zeros(15) # [0, 0 ...]\n",
    "    while_count = 0\n",
    "    while areDeltasLargerThanTheta(deltas, theta, while_count):\n",
    "        ################\n",
    "        k = while_count\n",
    "        if k == 0 or k == 1 or k == 2 or k == 3 or k % 10 == 0:\n",
    "            print(\"K =\", k)\n",
    "            print(\"--------\")\n",
    "            print(world.worldValues)\n",
    "        ################\n",
    "        deltas = np.zeros(15) # [0, 0 ...] Zeroing deltas every time\n",
    "        while_count+=1\n",
    "        for state in range(1,15):\n",
    "            v = world.get_value(state) ## v <- V(s)\n",
    "            new_v = 0\n",
    "            for action in range(len(world.actions)):                   ## Generating the \\sum \\pi(a|s)\n",
    "            #This is an undicounted update (no \\gamma)\n",
    "                new_s, r = GridWorld.general_step(state, action)       ## p(s',r | s,a) \n",
    "                new_v += agent.policy() * (r + world.get_value(new_s)) ## Adding the value of every action to the value of the state\n",
    "            world.set_value(state, new_v)                              ## V(s) <- Expression\n",
    "            deltas[state] = max(deltas[state], abs(new_v - v))         ## \\delta <- max(\\delta, |v - V(s)|)\n",
    "print(\"Number of main loops, Last K =\", while_count)\n",
    "print(\"--------\")\n",
    "print(world.worldValues)"
   ]
  },
  {
   "cell_type": "markdown",
   "metadata": {},
   "source": [
    "<img src=\"images/GridWorld_values.jpeg\" width=\"400px\" height=\"800px\">"
   ]
  },
  {
   "cell_type": "code",
   "execution_count": 29,
   "metadata": {},
   "outputs": [
    {
     "data": {
      "text/plain": [
       "array([0.00000000e+00, 5.02460296e-11, 7.64401875e-11, 8.80078233e-11,\n",
       "       5.02460296e-11, 6.79918344e-11, 8.30340241e-11, 9.09210485e-11,\n",
       "       7.64401875e-11, 8.30340241e-11, 9.09139430e-11, 9.56816848e-11,\n",
       "       8.80149287e-11, 9.09281539e-11, 9.56745794e-11, 9.88791271e-11])"
      ]
     },
     "execution_count": 29,
     "metadata": {},
     "output_type": "execute_result"
    }
   ],
   "source": [
    "deltas"
   ]
  },
  {
   "cell_type": "markdown",
   "metadata": {},
   "source": [
    "<img src=\"images/Exercise4.2_Sutton.jpeg\" width=\"1000px\" height=\"100px\">\n",
    "\n",
    "### Here we are trying to solve the second part, where the dynamic of the state 13 has changed too. This requires some additions to the GridWorld definition."
   ]
  },
  {
   "cell_type": "code",
   "execution_count": 99,
   "metadata": {},
   "outputs": [],
   "source": [
    "class GridWorld_4_2: ## We call the new state, state 17 for convenience.\n",
    "    def __init__(self):\n",
    "        #self.worldValues = np.random.rand(4,4) * 5\n",
    "        self.worldValues = np.zeros((4,4))\n",
    "        self.worldValues[0,0] = 0\n",
    "        self.worldValues[3,3] = 0\n",
    "        self.V_s_17 = 0 ## Here's the place we init our new state\n",
    "        self.currentState = int(np.random.rand()*8 + 2) ## The current state is randomly generated, but the world knows where you are\n",
    "        self.actions = [0, 1, 2, 3]\n",
    "        self.actionNames = {0:\"up\", 1:\"down\", 2:\"left\", 3:\"right\"}\n",
    "    \n",
    "    def print_world(self):\n",
    "        new_vals = np.zeros((5,4))\n",
    "        for i in range(4):\n",
    "            for j in range(4):\n",
    "                new_vals[i,j] = self.worldValues[i,j]\n",
    "        new_vals[4,2] = self.V_s_17\n",
    "        print(new_vals)\n",
    "        \n",
    "        \n",
    "    def step(self,action):\n",
    "        self.currentState = GridWorld_4_2.move(self.currentState, action)\n",
    "        if self.currentState == 0 or self.currentState == 15:\n",
    "            reward = 1\n",
    "        else:\n",
    "            reward = -1\n",
    "        return self.currentState, reward\n",
    "    def get_value(self, state_no):\n",
    "        if state_no == 17:\n",
    "            return self.V_s_17\n",
    "        x, y = GridWorld_4_2.state_coordinates(state_no)\n",
    "        return self.worldValues[x,y]\n",
    "    def set_value(self, state_no, value):\n",
    "        if state_no == 17:\n",
    "            self.V_s_17 = value\n",
    "        else:\n",
    "            x, y = GridWorld_4_2.state_coordinates(state_no)\n",
    "            self.worldValues[x,y] = value\n",
    "    \n",
    "    @staticmethod\n",
    "    def general_step(state, action):\n",
    "        new_state = GridWorld_4_2.move(state, action)\n",
    "        if new_state == 0 or new_state == 15:\n",
    "            reward = 1\n",
    "        else:\n",
    "            reward = -1\n",
    "        return new_state, reward\n",
    "    @staticmethod\n",
    "    def state_number(x,y):\n",
    "        position = x*4 + y\n",
    "        return position\n",
    "    @staticmethod\n",
    "    def state_coordinates(number):\n",
    "        y = number % 4\n",
    "        x = number // 4\n",
    "        return (x,y)\n",
    "    @staticmethod\n",
    "    def move(s,a):\n",
    "        \"\"\"\n",
    "        Here's we define the dynamic of our env.\n",
    "        \"\"\"\n",
    "        # actionNames = {0:\"up\", 1:\"down\", 2:\"left\", 3:\"right\"}\n",
    "        ########## Addede Dynamics\n",
    "        if s == 17 and a == 2: # --> 12\n",
    "            return 12\n",
    "        if s == 17 and a == 0: # --> 13\n",
    "            return 13\n",
    "        if s == 17 and a == 3: # --> 14\n",
    "            return 14\n",
    "        if s == 17 and a == 1: # --> 17\n",
    "            return 17\n",
    "        if s == 13 and a == 1: # --> 17\n",
    "            return 17\n",
    "        ####\n",
    "        x, y = GridWorld_4_2.state_coordinates(s)\n",
    "        if x == 0 and a == 0: # Changing the x-coordinates\n",
    "            x = 0\n",
    "        elif x == 3 and a == 1:\n",
    "            x = 3\n",
    "        else:\n",
    "            if a == 0:\n",
    "                x = x - 1\n",
    "            elif a == 1:\n",
    "                x = x + 1\n",
    "        \n",
    "        if y == 0 and a == 2: # Changing the y-coordinates\n",
    "            y = 0\n",
    "        elif y == 3 and a == 3:\n",
    "            y = 3\n",
    "        else:\n",
    "            if a == 2:\n",
    "                y = y - 1\n",
    "            elif a == 3:\n",
    "                y = y + 1\n",
    "        return GridWorld_4_2.state_number(x,y)"
   ]
  },
  {
   "cell_type": "code",
   "execution_count": 100,
   "metadata": {},
   "outputs": [],
   "source": [
    "GridWorld_4_2.general_step(state=13,action=1)\n",
    "w = GridWorld_4_2()"
   ]
  },
  {
   "cell_type": "code",
   "execution_count": 101,
   "metadata": {},
   "outputs": [
    {
     "name": "stdout",
     "output_type": "stream",
     "text": [
      "[[0. 0. 0. 0.]\n",
      " [0. 0. 0. 0.]\n",
      " [0. 0. 0. 0.]\n",
      " [0. 0. 0. 0.]\n",
      " [0. 0. 0. 0.]]\n"
     ]
    }
   ],
   "source": [
    "w.print_world()"
   ]
  },
  {
   "cell_type": "code",
   "execution_count": 105,
   "metadata": {},
   "outputs": [
    {
     "name": "stdout",
     "output_type": "stream",
     "text": [
      "K = 0\n",
      "--------\n",
      "[[0. 0. 0. 0.]\n",
      " [0. 0. 0. 0.]\n",
      " [0. 0. 0. 0.]\n",
      " [0. 0. 0. 0.]\n",
      " [0. 0. 0. 0.]]\n",
      "K = 1\n",
      "--------\n",
      "[[ 0.         -0.5        -1.125      -1.28125   ]\n",
      " [-0.5        -1.25       -1.59375    -1.71875   ]\n",
      " [-1.125      -1.59375    -1.796875   -1.37890625]\n",
      " [-1.28125    -1.71875    -1.37890625  0.        ]\n",
      " [ 0.          0.         -2.09472656  0.        ]]\n",
      "K = 2\n",
      "--------\n",
      "[[ 0.         -1.21875    -2.3046875  -2.64648438]\n",
      " [-1.21875    -2.40625    -3.05664062 -3.20019531]\n",
      " [-2.3046875  -3.05664062 -3.21777344 -2.44921875]\n",
      " [-2.64648438 -3.29418945 -2.47271729  0.        ]\n",
      " [ 0.          0.         -3.62702942  0.        ]]\n",
      "K = 3\n",
      "--------\n",
      "[[ 0.         -1.98242188 -3.49755859 -3.99768066]\n",
      " [-1.98242188 -3.51953125 -4.35876465 -4.50146484]\n",
      " [-3.49755859 -4.38226318 -4.41574097 -3.34160614]\n",
      " [-4.0211792  -4.62579727 -3.37856388  0.        ]\n",
      " [ 0.          0.         -4.91314244  0.        ]]\n",
      "K = 10\n",
      "--------\n",
      "[[  0.          -6.49205999 -10.07643369 -11.27478552]\n",
      " [ -6.50667112  -9.25547374 -10.66708361 -10.74347692]\n",
      " [-10.12173569 -10.70652467  -9.83133364  -7.38290258]\n",
      " [-11.35478073 -10.84972305  -7.41899581   0.        ]\n",
      " [  0.           0.         -10.99153996   0.        ]]\n",
      "K = 20\n",
      "--------\n",
      "[[  0.          -9.71863921 -14.71686556 -16.38378003]\n",
      " [ -9.72883002 -13.20958512 -14.96417626 -14.99447275]\n",
      " [-14.7446621  -14.98500349 -13.44834164 -10.08884853]\n",
      " [-16.42892748 -15.04567195 -10.10640518   0.        ]\n",
      " [  0.           0.         -15.10453859   0.        ]]\n",
      "K = 30\n",
      "--------\n",
      "[[  0.         -11.05594624 -16.64123182 -18.50326576]\n",
      " [-11.06060921 -14.84557023 -16.74379581 -16.75618187]\n",
      " [-16.65371889 -16.7529112  -14.94435132 -11.20919083]\n",
      " [-18.52326771 -16.77817274 -11.21674805   0.        ]\n",
      " [  0.           0.         -16.8025581    0.        ]]\n",
      "K = 40\n",
      "--------\n",
      "[[  0.         -11.6094114  -17.43781062 -19.38071461]\n",
      " [-11.61138995 -15.52240191 -17.4802697  -17.48537755]\n",
      " [-17.44308587 -17.48409603 -15.563269   -11.67281934]\n",
      " [-19.3891361  -17.49456492 -11.67597835   0.        ]\n",
      " [  0.           0.         -17.50465687   0.        ]]\n",
      "K = 50\n",
      "--------\n",
      "[[  0.         -11.83840755 -17.76741162 -19.74378853]\n",
      " [-11.83923156 -15.80241378 -17.78498033 -17.78709167]\n",
      " [-17.76960613 -17.78656942 -15.81932088 -11.86464095]\n",
      " [-19.74728878 -17.79090248 -11.86595146   0.        ]\n",
      " [  0.           0.         -17.79507798   0.        ]]\n",
      "K = 60\n",
      "--------\n",
      "[[  0.         -11.93314762 -17.90377568 -19.8940024 ]\n",
      " [-11.93348913 -15.91825702 -17.91104433 -17.91191761]\n",
      " [-17.9046849  -17.91170243 -15.92525163 -11.9440007 ]\n",
      " [-19.89545227 -17.91349527 -11.94454327   0.        ]\n",
      " [  0.           0.         -17.91522275   0.        ]]\n",
      "K = 70\n",
      "--------\n",
      "[[  0.         -11.97234261 -17.96019117 -19.95614786]\n",
      " [-11.97248396 -15.96618229 -17.96319831 -17.96355957]\n",
      " [-17.96056747 -17.96347064 -15.96907601 -11.97683263]\n",
      " [-19.95674789 -17.96421238 -11.97705714   0.        ]\n",
      " [  0.           0.         -17.96492705   0.        ]]\n",
      "K = 80\n",
      "--------\n",
      "[[  0.         -11.98855792 -17.98353077 -19.98185802]\n",
      " [-11.9886164  -15.98600935 -17.98477485 -17.9849243 ]\n",
      " [-17.98368646 -17.98488752 -15.9872065  -11.99041548]\n",
      " [-19.98210627 -17.98519439 -11.99050836   0.        ]\n",
      " [  0.           0.         -17.98549006   0.        ]]\n",
      "K = 90\n",
      "--------\n",
      "[[  0.         -11.99526632 -17.99318655 -19.99249452]\n",
      " [-11.99529052 -15.99421196 -17.99370123 -17.99376306]\n",
      " [-17.99325096 -17.99374785 -15.99470723 -11.99603481]\n",
      " [-19.99259723 -17.9938748  -11.99607324   0.        ]\n",
      " [  0.           0.         -17.99399712   0.        ]]\n",
      "K = 100\n",
      "--------\n",
      "[[  0.         -11.99804164 -17.99718122 -19.99689492]\n",
      " [-11.99805165 -15.99760544 -17.99739415 -17.99741973]\n",
      " [-17.99720787 -17.99741344 -15.99781034 -11.99835957]\n",
      " [-19.99693742 -17.99746596 -11.99837547   0.        ]\n",
      " [  0.           0.         -17.99751656   0.        ]]\n",
      "K = 110\n",
      "--------\n",
      "[[  0.         -11.99918981 -17.99883385 -19.99871541]\n",
      " [-11.99919395 -15.99900935 -17.99892194 -17.99893252]\n",
      " [-17.99884487 -17.99892992 -15.99909412 -11.99932134]\n",
      " [-19.99873298 -17.99895165 -11.99932792   0.        ]\n",
      " [  0.           0.         -17.99897258   0.        ]]\n",
      "K = 120\n",
      "--------\n",
      "[[  0.         -11.99966482 -17.99951755 -19.99946855]\n",
      " [-11.99966653 -15.99959016 -17.999554   -17.99955838]\n",
      " [-17.99952212 -17.9995573  -15.99962523 -11.99971923]\n",
      " [-19.99947583 -17.99956629 -11.99972195   0.        ]\n",
      " [  0.           0.         -17.99957495   0.        ]]\n",
      "K = 130\n",
      "--------\n",
      "[[  0.         -11.99986133 -17.99980041 -19.99978014]\n",
      " [-11.99986204 -15.99983045 -17.99981549 -17.9998173 ]\n",
      " [-17.9998023  -17.99981685 -15.99984495 -11.99988384]\n",
      " [-19.99978315 -17.99982057 -11.99988497   0.        ]\n",
      " [  0.           0.         -17.99982415   0.        ]]\n",
      "K = 140\n",
      "--------\n",
      "[[  0.         -11.99994263 -17.99991743 -19.99990904]\n",
      " [-11.99994293 -15.99992985 -17.99992366 -17.99992441]\n",
      " [-17.99991821 -17.99992423 -15.99993586 -11.99995195]\n",
      " [-19.99991029 -17.99992577 -11.99995241   0.        ]\n",
      " [  0.           0.         -17.99992725   0.        ]]\n",
      "K = 150\n",
      "--------\n",
      "[[  0.         -11.99997627 -17.99996584 -19.99996237]\n",
      " [-11.99997639 -15.99997098 -17.99996842 -17.99996873]\n",
      " [-17.99996616 -17.99996865 -15.99997346 -11.99998012]\n",
      " [-19.99996288 -17.99996929 -11.99998031   0.        ]\n",
      " [  0.           0.         -17.9999699    0.        ]]\n",
      "K = 160\n",
      "--------\n",
      "[[  0.         -11.99999018 -17.99998587 -19.99998443]\n",
      " [-11.99999023 -15.99998799 -17.99998693 -17.99998706]\n",
      " [-17.999986   -17.99998703 -15.99998902 -11.99999178]\n",
      " [-19.99998464 -17.99998729 -11.99999186   0.        ]\n",
      " [  0.           0.         -17.99998755   0.        ]]\n",
      "K = 170\n",
      "--------\n",
      "[[  0.         -11.99999594 -17.99999415 -19.99999356]\n",
      " [-11.99999596 -15.99999503 -17.99999459 -17.99999465]\n",
      " [-17.99999421 -17.99999463 -15.99999546 -11.9999966 ]\n",
      " [-19.99999365 -17.99999474 -11.99999663   0.        ]\n",
      " [  0.           0.         -17.99999485   0.        ]]\n",
      "K = 180\n",
      "--------\n",
      "[[  0.         -11.99999832 -17.99999758 -19.99999734]\n",
      " [-11.99999833 -15.99999795 -17.99999776 -17.99999779]\n",
      " [-17.9999976  -17.99999778 -15.99999812 -11.99999859]\n",
      " [-19.99999737 -17.99999783 -11.99999861   0.        ]\n",
      " [  0.           0.         -17.99999787   0.        ]]\n",
      "K = 190\n",
      "--------\n",
      "[[  0.         -11.9999993  -17.999999   -19.9999989 ]\n",
      " [-11.99999931 -15.99999915 -17.99999907 -17.99999908]\n",
      " [-17.99999901 -17.99999908 -15.99999922 -11.99999942]\n",
      " [-19.99999891 -17.9999991  -11.99999942   0.        ]\n",
      " [  0.           0.         -17.99999912   0.        ]]\n",
      "K = 200\n",
      "--------\n",
      "[[  0.         -11.99999971 -17.99999959 -19.99999954]\n",
      " [-11.99999971 -15.99999965 -17.99999962 -17.99999962]\n",
      " [-17.99999959 -17.99999962 -15.99999968 -11.99999976]\n",
      " [-19.99999955 -17.99999963 -11.99999976   0.        ]\n",
      " [  0.           0.         -17.99999964   0.        ]]\n",
      "K = 210\n",
      "--------\n",
      "[[  0.         -11.99999988 -17.99999983 -19.99999981]\n",
      " [-11.99999988 -15.99999985 -17.99999984 -17.99999984]\n",
      " [-17.99999983 -17.99999984 -15.99999987 -11.9999999 ]\n",
      " [-19.99999981 -17.99999985 -11.9999999    0.        ]\n",
      " [  0.           0.         -17.99999985   0.        ]]\n",
      "K = 220\n",
      "--------\n",
      "[[  0.         -11.99999995 -17.99999993 -19.99999992]\n",
      " [-11.99999995 -15.99999994 -17.99999993 -17.99999994]\n",
      " [-17.99999993 -17.99999993 -15.99999994 -11.99999996]\n",
      " [-19.99999992 -17.99999994 -11.99999996   0.        ]\n",
      " [  0.           0.         -17.99999994   0.        ]]\n",
      "K = 230\n",
      "--------\n",
      "[[  0.         -11.99999998 -17.99999997 -19.99999997]\n",
      " [-11.99999998 -15.99999998 -17.99999997 -17.99999997]\n",
      " [-17.99999997 -17.99999997 -15.99999998 -11.99999998]\n",
      " [-19.99999997 -17.99999997 -11.99999998   0.        ]\n",
      " [  0.           0.         -17.99999997   0.        ]]\n",
      "K = 240\n",
      "--------\n",
      "[[  0.         -11.99999999 -17.99999999 -19.99999999]\n",
      " [-11.99999999 -15.99999999 -17.99999999 -17.99999999]\n",
      " [-17.99999999 -17.99999999 -15.99999999 -11.99999999]\n",
      " [-19.99999999 -17.99999999 -11.99999999   0.        ]\n",
      " [  0.           0.         -17.99999999   0.        ]]\n",
      "K = 250\n",
      "--------\n",
      "[[  0.         -12.         -17.99999999 -19.99999999]\n",
      " [-12.         -16.         -18.         -18.        ]\n",
      " [-18.         -18.         -16.         -12.        ]\n",
      " [-19.99999999 -18.         -12.           0.        ]\n",
      " [  0.           0.         -18.           0.        ]]\n",
      "K = 260\n",
      "--------\n",
      "[[  0. -12. -18. -20.]\n",
      " [-12. -16. -18. -18.]\n",
      " [-18. -18. -16. -12.]\n",
      " [-20. -18. -12.   0.]\n",
      " [  0.   0. -18.   0.]]\n",
      "Number of main loops, Last K = 269\n",
      "--------\n",
      "[[  0. -12. -18. -20.]\n",
      " [-12. -16. -18. -18.]\n",
      " [-18. -18. -16. -12.]\n",
      " [-20. -18. -12.   0.]\n",
      " [  0.   0. -18.   0.]]\n"
     ]
    }
   ],
   "source": [
    "def areDeltasLargerThanTheta(d, t, while_counter):\n",
    "    if while_counter < 2: ## Turning the while to a do..while loop\n",
    "        return True\n",
    "    for i in range(d.shape[0]):\n",
    "        if abs(d[i]) > abs(t):\n",
    "            return True\n",
    "    return False\n",
    "#def iterative_policy_evaluation():\n",
    "if __name__ == \"__main__\":\n",
    "    world = GridWorld_4_2()\n",
    "    agent = Agent()\n",
    "    theta = 1e-10 ## Every element in delta will be compared to this value\n",
    "    deltas = np.zeros(18) # [0, 0 ...]\n",
    "    while_count = 0\n",
    "    \n",
    "    state_numbers = list(np.arange(1,15))\n",
    "    state_numbers.append(17) # [1, 2, ... 14, 17]\n",
    "    \n",
    "    while areDeltasLargerThanTheta(deltas, theta, while_count):\n",
    "        ################\n",
    "        k = while_count\n",
    "        if k == 0 or k == 1 or k == 2 or k == 3 or k % 10 == 0:\n",
    "            print(\"K =\", k)\n",
    "            print(\"--------\")\n",
    "            world.print_world()\n",
    "        ################\n",
    "        deltas = np.zeros(18) # [0, 0 ...] Zeroing deltas every time\n",
    "        while_count+=1\n",
    "        \n",
    "        for state in state_numbers:\n",
    "            v = world.get_value(state) ## v <- V(s)\n",
    "            new_v = 0\n",
    "            for action in range(len(world.actions)):                   ## Generating the \\sum \\pi(a|s)\n",
    "            #This is an undicounted update (no \\gamma)\n",
    "                new_s, r = GridWorld_4_2.general_step(state, action)       ## p(s',r | s,a) \n",
    "                new_v += agent.policy() * (r + world.get_value(new_s)) ## Adding the value of every action to the value of the state\n",
    "            world.set_value(state, new_v)                              ## V(s) <- Expression\n",
    "            deltas[state] = max(deltas[state], abs(new_v - v))         ## \\delta <- max(\\delta, |v - V(s)|)\n",
    "print(\"Number of main loops, Last K =\", while_count)\n",
    "print(\"--------\")\n",
    "world.print_world()"
   ]
  }
 ],
 "metadata": {
  "kernelspec": {
   "display_name": "Python 3",
   "language": "python",
   "name": "python3"
  },
  "language_info": {
   "codemirror_mode": {
    "name": "ipython",
    "version": 3
   },
   "file_extension": ".py",
   "mimetype": "text/x-python",
   "name": "python",
   "nbconvert_exporter": "python",
   "pygments_lexer": "ipython3",
   "version": "3.6.8"
  }
 },
 "nbformat": 4,
 "nbformat_minor": 2
}
